10 44
00000000000000000000000000000000000000000000
0           22                             0
0 111     00000            0000011 1111    0
0   0000     00000 118991 111 1111 11 111  0
0 11 54321   00000 1000            1 1     0
0 11 6 3     111111         22    1        0
0 8       1 10000         00000   11 11    0
0 1 11 111 1 00000 111111 111 1111 11 11   0
0 11                                       0
00000000000000000000000000000000000000000000
                                            
                            +               
      *                                 @   
                                            
                   @            +  *        
                                            
                                   *    @   
                   @                      +
