10 44
00000000000000000000000000000000000000000000
0   00      22                   000       0
0 111     00000          0 0000011 1111    0
0   0000     00000 118991011333333311 111  0
0 11 54321   00000 1000  0         1 1     0
0 11 6 3   11111  111111101111 22    1     0
0 8       1 10000        000000   11 11    0
0 1 11 111 1 00000 111111 111 1111 11 11   0
0 11      222  0000               1111     0
00000000000000000000000000000000000000000000
                                            
                            +               
      *                                 @   
                                            
                   @            +  *        
                                            
                                   *    @   
                   @                      +
