10 44
00000000000000000000000000000000000000000000
0 00000 111 22                             0
0 1111111 00000 111111 15555555555 1111    0
0 11 1111111 00000 118991 111 1111 11 123  0
0 11 1111111 00000 100011 111 4444 1 1   990
0 11 1 9999999999999999 177777 11 1      990
0 8 1 111 1 10000 1 11 111 1111 1 11 11    0
0 1 11 111 1 00000 111111222222222 11777   0
0 11 1 11111                      222      0
00000000000000000000000000000000000000000000
                                            
                            +               
      *                                 @   
                                            
                   @            +  *        
                                            
                                   *    @   
                   @                      + 
