10 44
00000000000000000000000000000000000000000000
0 00000 111 22        0                    0
0 3311111 00000 222211015555555555 2222    0
0 22 1234567 000000918991 555 6666 11 123  0
0 11 9999999 0000009000110787 4444 1 10  990
0 22 1 9999999999999999 177777 11 1   0  990
0 8 1 555 1 10000 1 11 111 1111 1 11 11 0  0
0 1 11 111 1 00000 333333222222222 11777   0
0 1123661111    000               33  0    0
00000000000000000000000000000000000000000000
                                            
                            +               
      *                                 @   
                                            
                   @            +  *        
                                            
                                   *    @   
                   @                      +
